NAME:TESTCASE4
DIESIZE:20,20
DISTANCE:25
GOOD_DIE:001
BAD_DIE:060
ORIENTATION:180 
ROWDATA:001 001 001 001 001 001 001 001 001 001 001 060 060 060 001 001 001 001 001 001
ROWDATA:001 001 001 001 001 001 001 001 001 001 001 001 001 001 001 001 001 001 001 001
ROWDATA:001 001 001 001 001 001 001 001 001 001 001 001 001 001 001 001 001 001 001 001
ROWDATA:001 001 001 001 001 001 001 001 060 001 001 001 001 001 001 001 001 001 001 001
ROWDATA:001 001 001 060 001 001 001 001 001 001 001 001 001 001 001 001 001 001 001 001
ROWDATA:001 001 001 001 001 001 001 001 001 001 001 001 060 001 001 001 001 001 001 001
ROWDATA:001 001 001 001 001 001 060 001 001 001 001 001 001 001 001 001 060 001 001 001
ROWDATA:001 001 001 001 001 001 001 001 001 001 001 001 001 001 001 001 001 001 001 001
ROWDATA:001 001 060 001 001 001 001 001 001 001 001 060 001 001 001 001 001 001 001 001
ROWDATA:001 001 001 001 001 001 001 001 001 001 001 001 001 001 001 001 001 001 001 001
ROWDATA:001 001 001 001 001 001 001 001 001 001 001 001 001 001 001 001 001 001 001 001
ROWDATA:001 001 001 001 001 060 001 001 001 001 001 060 001 001 001 001 060 001 001 001
ROWDATA:001 001 001 001 001 001 001 001 060 001 001 001 001 001 001 001 001 001 001 001
ROWDATA:001 060 001 001 001 001 001 001 001 001 001 001 001 001 001 001 001 001 001 001
ROWDATA:001 001 001 001 001 001 001 001 001 001 001 001 001 001 001 001 001 001 001 001
ROWDATA:001 001 001 001 001 001 001 001 001 001 060 001 001 001 001 001 001 001 001 001
ROWDATA:001 001 001 001 001 001 001 001 001 001 001 001 001 001 060 001 001 001 001 001
ROWDATA:001 001 001 001 001 001 060 001 001 001 001 001 001 001 001 001 001 001 001 001
ROWDATA:001 001 001 001 001 001 001 001 001 001 001 001 001 001 001 001 001 001 001 001
ROWDATA:001 001 001 001 001 001 001 001 001 001 001 001 060 060 001 001 001 001 001 001
