NAME:TESTCASE8
DIESIZE:20,25
DISTANCE:25
GOOD_DIE:100
BAD_DIE:001
ORIENTATION:90
ROWDATA:001 001 001 001 001 001 001 100 100 001 100 100 001 100 100 001 100 100 001 100 100 001 001 001 001 001 001 001
ROWDATA:001 001 001 001 100 100 001 100 100 001 100 100 001 100 100 001 100 100 001 100 100 001 100 100 001 001 001 001
ROWDATA:001 001 100 001 100 100 001 100 100 001 100 100 001 100 100 001 100 100 001 100 100 001 100 100 001 100 001 001
ROWDATA:001 100 100 001 100 100 001 100 100 001 100 100 001 100 100 001 100 100 001 100 100 001 100 100 001 100 100 001
ROWDATA:001 100 100 001 100 100 001 100 100 001 100 100 001 100 100 001 100 100 001 100 100 001 100 100 001 100 100 001
ROWDATA:001 100 100 001 100 100 001 100 100 001 100 100 001 100 100 001 100 100 001 100 100 001 100 100 001 100 100 001
ROWDATA:001 100 100 001 100 100 001 100 100 001 100 100 001 100 100 001 100 100 001 100 100 001 100 100 001 100 100 001
ROWDATA:001 001 100 001 100 100 001 100 100 001 100 100 001 100 100 001 100 100 001 100 100 001 100 100 001 100 001 001
ROWDATA:001 001 001 001 100 100 001 100 100 001 100 100 001 100 100 001 100 100 001 100 100 001 100 100 001 001 001 001
ROWDATA:001 001 001 001 001 001 001 100 100 001 100 100 001 100 100 001 100 100 001 100 100 001 001 001 001 001 001 001
