NAME:TESTCASE1
DIESIZE:20,20
DISTANCE:25
GOOD_DIE:100
BAD_DIE:060
INVALID_DIE:000
ORIENTATION:0
ROWDATA:100 100 100 100 100 100 060 100 100 100 100 100 100 100 100 100 100 100 100 100
ROWDATA:100 100 100 100 100 100 100 100 100 100 100 100 100 100 100 100 100 100 100 100
ROWDATA:100 100 100 100 100 100 100 100 100 100 100 100 100 100 100 100 100 100 100 100
ROWDATA:100 100 100 100 100 100 100 100 100 100 060 100 100 100 100 100 100 100 100 100
ROWDATA:100 100 100 100 100 100 100 100 100 100 100 100 100 100 100 100 060 100 100 100
ROWDATA:100 100 100 100 100 060 100 100 100 100 100 100 100 100 100 100 100 100 100 100
ROWDATA:060 100 100 100 100 100 100 100 100 100 100 100 100 100 060 100 100 100 100 100
ROWDATA:100 100 100 100 100 100 100 100 100 100 100 100 100 100 100 100 100 100 100 100
ROWDATA:100 100 100 100 100 100 100 100 100 100 100 100 100 100 100 100 100 100 100 100
ROWDATA:060 100 100 100 100 100 100 100 100 100 060 100 100 100 100 100 100 100 100 100
ROWDATA:100 100 100 100 100 100 100 100 100 060 100 100 100 100 100 100 100 100 100 100
ROWDATA:100 100 100 100 100 100 100 100 100 100 100 100 100 100 100 100 100 100 100 100
ROWDATA:100 100 100 100 100 100 100 100 100 100 100 100 100 100 100 100 100 100 100 060
ROWDATA:100 100 100 100 100 100 100 100 100 100 100 100 100 060 100 100 100 100 100 060
ROWDATA:100 100 100 100 060 100 100 100 100 100 100 100 100 100 100 100 100 100 100 100
ROWDATA:100 100 100 100 100 100 100 100 100 100 100 100 100 100 100 100 100 100 100 100
ROWDATA:100 100 100 100 100 100 100 100 100 100 100 100 100 100 100 100 100 060 100 100
ROWDATA:100 100 100 100 100 100 100 100 100 100 100 100 100 100 100 100 100 100 100 100
ROWDATA:100 100 100 100 100 100 100 100 100 100 100 100 100 100 100 100 100 100 100 100
ROWDATA:100 100 100 100 100 100 100 100 100 060 060 100 100 100 100 100 100 100 100 100
