NAME:TESTCASE5
DIESIZE:100,100
DISTANCE:175
GOOD_DIE:001
ACTIVE_BAD_DIE:006
INACTIVE_BAD_DIE:003
INVALID_DIE:000
ORIENTATION:0
ROWDATA:001 001 001 001 001 001 001 001 001 001 001 001 001 001 001 001 001 001 001 001 001 001 001 001 001
ROWDATA:001 001 001 001 001 001 001 001 001 001 001 001 001 001 001 001 001 001 001 001 001 001 001 001 001
ROWDATA:001 001 001 001 001 001 001 001 001 001 001 001 001 001 001 001 001 001 001 001 001 001 001 001 001
ROWDATA:001 001 001 001 001 001 001 001 001 001 001 001 001 001 003 001 001 001 001 001 001 001 001 001 001
ROWDATA:001 001 001 001 001 001 001 001 001 001 001 001 001 006 006 006 001 001 001 001 001 001 001 001 001
ROWDATA:001 001 001 001 001 001 001 001 001 001 001 001 001 003 001 001 001 001 001 001 001 001 001 001 001
ROWDATA:001 001 001 001 001 001 001 001 001 001 001 001 001 001 001 001 001 001 001 001 001 001 001 001 001
ROWDATA:001 001 001 001 001 006 001 001 001 001 001 001 001 001 001 001 001 001 001 001 001 001 001 001 001
ROWDATA:001 001 001 001 001 003 003 001 001 001 001 001 001 001 001 001 001 001 001 001 001 001 001 001 001
ROWDATA:001 001 001 001 001 001 001 001 001 001 001 001 001 003 001 001 001 003 001 001 001 001 001 001 001
ROWDATA:001 001 001 001 001 001 001 001 001 001 001 001 001 001 001 001 001 001 001 001 001 001 001 001 001
ROWDATA:001 001 001 001 001 001 001 001 001 001 001 001 001 001 001 001 001 001 001 001 001 001 001 001 001
ROWDATA:001 001 001 001 001 001 001 001 001 001 001 001 001 001 001 001 001 001 001 001 001 001 001 001 001
ROWDATA:001 001 001 001 001 001 001 001 001 001 001 001 006 001 001 001 001 001 001 003 001 001 001 001 001
ROWDATA:001 001 001 006 001 001 001 001 001 001 001 001 001 003 001 001 001 001 001 001 001 001 001 001 001
ROWDATA:001 001 001 001 006 001 001 001 001 001 001 001 006 001 001 001 001 001 001 001 001 001 001 001 001
ROWDATA:001 001 001 001 001 001 001 001 001 001 001 001 001 001 001 001 001 001 001 001 001 001 001 001 001
ROWDATA:001 001 001 001 001 001 003 001 001 001 001 001 001 001 001 001 001 001 001 001 001 001 001 001 001
ROWDATA:001 001 001 001 001 001 001 001 001 001 001 001 001 001 001 001 001 001 001 001 001 001 001 001 001
ROWDATA:001 001 001 001 001 001 001 001 001 001 001 001 001 001 001 001 001 001 001 001 001 001 001 001 001
ROWDATA:001 001 001 001 001 001 001 001 001 001 001 001 001 001 001 001 001 001 001 001 001 001 001 001 001
ROWDATA:001 001 001 001 001 001 001 001 001 001 001 001 001 001 001 001 001 001 001 001 001 001 001 001 001
ROWDATA:001 001 001 001 001 001 001 001 001 001 001 001 001 001 001 001 001 001 001 001 001 001 001 001 001
