NAME:TESTCASE7
DIESIZE:130,180
DISTANCE:100
GOOD_DIE:001
ACTIVE_BAD_DIE:006
INACTIVE_BAD_DIE:003
INVALID_DIE:000
ORIENTATION:0
ROWDATA:000 000 001 001 003 001 006 000 000
ROWDATA:000 001 001 001 001 001 001 001 000
ROWDATA:000 001 001 001 001 001 001 001 000
ROWDATA:001 001 001 001 001 001 001 001 001
ROWDATA:001 001 001 001 001 001 001 001 001
ROWDATA:001 001 001 003 001 003 001 001 001
ROWDATA:001 001 001 001 006 001 001 001 001
ROWDATA:001 001 001 001 003 001 001 001 001
ROWDATA:001 001 001 001 001 001 001 001 001
ROWDATA:006 001 001 001 001 001 001 001 006
ROWDATA:000 001 001 001 001 001 001 001 000
ROWDATA:000 001 001 001 001 001 001 001 000
ROWDATA:000 000 001 001 001 001 001 000 000
