NAME:TESTCASE6
DIESIZE:20,30
DISTANCE:25
GOOD_DIE:001
BAD_DIE:060
ORIENTATION:180
ROWDATA:001 001 001 001 001 001 001 060 060 060 001 001 001 001 001 001 001 001 001 001
ROWDATA:001 001 001 001 001 001 001 001 001 001 001 001 001 001 001 001 001 001 001 001
ROWDATA:001 001 001 001 001 001 001 001 001 001 001 001 001 001 001 001 001 001 001 001
ROWDATA:001 001 001 001 001 001 001 001 001 001 001 001 001 001 001 001 001 001 001 001
ROWDATA:001 001 001 001 001 001 001 001 001 001 001 001 001 001 001 001 001 001 001 001
ROWDATA:001 001 001 001 001 001 001 001 001 060 001 060 001 060 001 060 001 001 001 001
ROWDATA:001 001 001 001 001 001 001 001 001 001 001 001 001 001 001 001 001 001 001 001
ROWDATA:001 001 001 001 001 001 001 001 001 001 001 001 001 001 001 001 001 001 001 001
ROWDATA:001 001 001 001 001 001 001 001 001 001 001 001 001 001 001 001 001 001 001 001
ROWDATA:060 001 001 001 001 001 001 001 001 001 001 001 001 001 001 001 001 001 001 001
ROWDATA:001 001 001 001 001 001 001 001 001 001 001 001 001 001 001 001 001 001 001 001
ROWDATA:060 001 001 001 001 001 001 001 001 060 001 001 001 001 001 001 001 001 001 001
ROWDATA:060 001 001 001 001 001 001 001 001 001 001 001 001 001 001 001 001 001 001 001
ROWDATA:001 001 001 001 001 001 001 001 001 001 060 001 001 001 001 060 001 001 001 060
ROWDATA:001 001 001 001 001 001 001 001 001 001 001 001 001 001 001 060 001 001 001 001
ROWDATA:001 001 001 001 001 001 001 060 001 001 060 001 001 001 001 060 001 001 001 001
ROWDATA:001 001 001 001 001 001 001 001 001 001 001 001 001 001 001 001 001 001 001 060
ROWDATA:001 001 001 001 001 001 001 001 001 001 001 001 001 001 001 001 001 001 001 001
ROWDATA:001 001 001 001 001 001 001 001 001 001 001 001 060 001 001 001 001 001 001 060
ROWDATA:001 001 001 001 060 001 001 001 001 001 001 001 001 001 001 001 001 001 001 001
ROWDATA:060 001 001 001 060 001 001 001 001 001 001 001 001 001 001 001 001 001 001 060
ROWDATA:001 060 001 001 060 001 001 001 001 001 001 001 001 001 001 001 001 001 001 001
ROWDATA:001 060 060 001 001 001 001 060 001 060 001 001 060 001 001 001 001 001 001 001
ROWDATA:001 060 001 001 001 001 001 001 001 001 001 001 001 001 001 001 001 001 001 001
ROWDATA:001 001 001 001 001 001 001 001 001 001 001 001 001 001 001 001 001 001 001 001
ROWDATA:001 001 001 001 001 001 001 001 001 001 001 001 001 001 001 001 001 001 001 001
ROWDATA:001 001 001 001 001 001 001 001 001 001 001 001 001 060 001 001 060 001 001 001
ROWDATA:001 001 001 001 001 001 001 001 001 001 001 001 001 001 001 060 001 001 001 001
ROWDATA:001 001 001 001 001 060 060 001 001 001 001 001 001 001 060 001 001 001 001 001
ROWDATA:001 001 001 001 001 001 001 001 001 001 001 001 001 001 001 001 001 001 001 001
