NAME:TESTCASE2
DIESIZE:50,50
DISTANCE:25
GOOD_DIE:100
BAD_DIE:005
ORIENTATION:0
ROWDATA:005 005 100 100 100 100 100 100 100 100 100 100 100 100 100 100 100 100 005 005 100 100 100 100 100 100 100 100 100 100 100 100 100 100 100 100 100 100 100 100 100 100 100 100 100 100 100 100 100 005
ROWDATA:005 005 100 100 100 100 100 100 100 100 100 100 100 100 100 100 100 100 100 100 100 100 100 100 100 100 100 100 100 100 100 100 100 100 100 100 100 100 100 100 100 100 100 100 100 100 100 100 100 100
ROWDATA:005 005 005 100 100 005 100 005 100 100 100 100 100 100 100 100 100 100 100 100 100 100 100 100 100 100 100 100 005 100 100 100 100 100 100 100 005 100 100 100 100 100 100 100 100 100 100 100 100 100
ROWDATA:005 005 100 005 100 100 100 100 100 100 100 100 100 100 100 100 100 100 100 100 100 100 100 100 100 100 100 100 100 100 100 100 100 100 100 100 100 100 100 100 100 100 100 100 100 100 100 100 100 100
ROWDATA:005 100 100 100 100 100 100 100 100 100 100 005 100 100 100 100 100 100 100 100 100 100 100 100 100 100 100 100 100 100 100 100 100 100 100 100 100 100 100 100 100 100 100 100 100 100 005 100 100 100
ROWDATA:005 100 100 100 100 100 100 005 100 100 100 100 100 100 100 100 100 100 100 100 100 100 100 100 100 100 100 100 100 100 100 100 100 100 100 100 100 100 100 100 100 100 100 100 100 100 100 100 100 100
ROWDATA:100 100 100 100 005 100 100 100 100 100 100 100 100 100 100 100 100 100 100 100 100 100 100 100 100 100 100 100 100 100 100 100 100 100 100 100 100 100 100 100 100 100 100 100 100 100 100 100 100 100
ROWDATA:100 100 100 100 100 100 100 100 100 100 005 100 100 100 100 005 100 100 100 100 100 100 100 100 100 100 100 100 100 100 100 005 100 100 100 100 100 100 100 100 100 100 100 100 100 100 100 100 100 100
ROWDATA:100 100 100 100 100 100 100 100 100 100 100 100 100 100 100 100 100 100 100 100 100 100 100 100 100 100 100 100 100 100 100 100 100 100 100 100 100 100 100 100 100 100 100 100 100 100 100 100 100 100
ROWDATA:100 100 100 100 100 100 100 100 100 100 100 005 100 100 100 100 100 100 100 100 100 100 100 100 100 100 100 005 100 100 100 100 100 100 100 100 100 100 100 100 100 100 100 100 100 100 100 100 100 100
ROWDATA:100 100 100 100 005 100 100 100 100 100 100 100 100 100 100 100 100 100 100 100 100 100 100 100 100 100 100 100 100 100 100 100 100 100 100 100 100 005 100 100 100 100 100 100 100 100 100 100 100 100
ROWDATA:100 100 100 100 100 100 100 100 100 100 100 100 100 100 100 100 100 100 100 005 100 100 100 100 100 100 100 100 100 100 100 100 100 100 100 100 100 100 100 100 100 100 100 100 100 100 100 100 100 100
ROWDATA:100 100 100 100 100 100 100 100 100 100 100 100 100 100 100 100 100 100 100 100 100 100 100 100 100 100 100 100 100 100 100 100 100 100 100 100 100 100 100 100 100 100 100 100 100 100 100 100 100 100
ROWDATA:100 100 100 100 100 100 100 100 100 100 100 100 100 100 100 100 100 100 100 100 100 100 100 100 100 100 100 100 100 100 100 100 100 100 100 100 100 100 100 100 100 100 100 100 100 100 100 100 100 100
ROWDATA:100 100 100 100 100 100 100 100 100 100 100 100 100 100 100 100 100 100 100 100 100 100 100 100 100 100 100 100 100 100 100 100 100 100 100 100 100 100 100 100 100 100 005 100 100 100 100 100 100 100
ROWDATA:100 100 100 100 100 100 100 100 100 100 100 100 100 100 100 100 100 100 100 100 100 100 100 100 100 100 100 100 100 100 100 100 100 100 100 100 100 100 100 100 100 100 100 100 100 100 100 100 100 100
ROWDATA:100 100 100 100 100 100 100 100 005 100 100 100 100 100 100 100 100 100 100 100 100 100 100 100 100 100 100 100 100 100 100 100 100 100 100 100 100 100 100 100 100 100 100 100 100 100 100 100 100 100
ROWDATA:100 100 100 100 100 100 100 100 100 100 005 100 100 100 100 100 100 100 100 005 100 100 100 005 100 100 100 100 100 005 100 100 100 100 100 100 005 100 100 100 100 100 100 100 100 100 100 100 100 100
ROWDATA:005 100 100 100 100 100 100 100 100 100 100 100 100 100 100 100 100 100 100 100 100 100 100 100 100 100 100 100 100 100 100 100 100 100 100 100 100 100 100 100 100 100 100 100 100 100 100 100 100 005
ROWDATA:005 100 100 100 100 100 100 100 100 100 100 100 100 100 100 100 100 100 100 100 100 100 100 100 100 100 100 100 100 100 100 100 100 100 100 100 100 100 100 100 100 100 100 100 100 100 100 100 100 100
ROWDATA:005 100 100 100 100 100 100 100 100 100 100 100 100 100 100 100 100 100 100 100 100 100 100 100 100 100 100 100 100 100 100 100 100 100 100 100 100 100 100 100 100 100 100 100 100 100 100 100 100 100
ROWDATA:005 100 100 100 100 100 100 100 100 100 100 100 100 100 100 100 100 100 100 100 100 100 100 100 100 100 100 100 100 100 100 100 100 100 100 100 100 100 100 100 100 100 100 100 100 100 100 100 100 100
ROWDATA:100 100 100 100 100 100 100 100 100 100 100 100 100 100 100 100 100 100 100 100 100 100 100 100 100 100 100 100 100 100 100 100 100 100 100 100 100 100 100 100 100 100 100 005 100 100 100 100 100 100
ROWDATA:100 100 100 100 100 100 100 100 100 005 100 100 100 100 100 100 005 100 100 100 100 100 100 100 100 100 100 100 100 100 005 100 100 100 100 100 100 100 100 100 100 100 100 005 100 100 100 100 100 100
ROWDATA:100 100 100 100 100 100 100 100 100 100 100 100 100 100 100 100 100 100 100 100 100 100 100 100 100 005 100 100 100 100 100 100 100 100 100 100 100 100 100 100 100 100 100 005 100 100 100 100 100 100
ROWDATA:100 100 100 100 100 100 100 100 100 100 100 100 100 100 100 100 100 100 100 100 100 100 100 100 100 100 100 100 100 100 100 100 100 100 005 005 005 100 100 100 100 100 100 100 100 100 100 100 100 100
ROWDATA:100 100 100 100 100 100 100 100 100 100 100 100 100 100 100 100 100 100 100 100 100 100 005 100 100 100 100 100 100 100 100 100 100 100 005 005 005 100 100 100 100 100 100 100 100 100 100 100 100 100
ROWDATA:100 100 100 100 100 100 100 100 100 100 100 100 100 100 100 100 100 100 100 100 100 100 100 100 100 100 100 100 100 100 100 100 100 100 100 100 100 100 100 100 100 005 005 100 100 100 100 100 100 100
ROWDATA:100 100 100 100 100 100 100 100 100 005 005 100 100 100 100 100 100 100 100 100 100 100 100 100 100 100 100 100 100 100 100 100 100 100 100 100 100 100 100 100 100 100 100 100 100 100 100 100 100 100
ROWDATA:100 100 100 100 100 100 100 100 100 005 005 100 100 100 100 100 100 100 100 100 100 100 100 100 100 100 100 100 100 100 100 100 100 100 100 100 100 100 100 100 100 100 100 100 100 100 100 100 100 100
ROWDATA:100 100 100 100 100 100 100 100 100 100 100 100 100 100 100 100 100 100 100 100 100 100 100 100 100 100 100 100 100 100 100 005 100 100 100 100 100 100 100 100 100 100 100 100 100 100 100 100 100 100
ROWDATA:100 100 100 100 100 100 100 100 100 100 100 100 100 100 100 100 005 100 100 100 100 100 100 100 100 100 100 100 100 100 100 100 100 100 100 100 100 100 100 100 100 100 100 100 100 100 100 100 100 100
ROWDATA:100 100 100 100 100 100 100 100 100 100 100 100 100 100 100 100 100 100 100 100 100 100 100 100 100 100 100 100 100 100 100 100 100 100 100 100 100 100 100 100 100 100 100 100 100 100 100 100 100 100
ROWDATA:100 100 100 100 100 100 100 100 100 100 100 100 100 100 100 100 100 100 100 100 100 100 005 100 100 100 100 100 100 100 100 100 100 100 100 100 100 100 100 100 100 100 100 100 100 100 100 100 100 100
ROWDATA:100 005 100 100 100 100 100 100 100 100 100 100 100 100 100 100 100 100 100 100 100 100 100 100 100 100 100 100 100 100 100 005 100 100 100 100 005 100 100 100 100 100 100 100 100 100 100 100 100 100
ROWDATA:100 100 100 100 100 100 100 100 100 100 100 100 100 100 100 100 100 100 100 100 100 100 100 100 100 100 100 100 100 100 100 100 100 100 100 100 100 100 100 100 100 100 100 100 100 100 100 100 100 100
ROWDATA:100 100 100 100 100 100 100 100 005 100 100 100 100 100 100 100 100 100 100 100 100 100 100 100 100 100 100 100 100 100 100 100 100 100 100 100 100 100 100 005 100 100 100 100 100 100 100 100 100 100
ROWDATA:100 100 100 100 100 100 100 100 100 100 100 100 100 100 100 100 100 005 005 005 005 100 100 100 100 100 100 100 100 100 100 100 100 100 100 100 100 100 100 100 100 100 100 100 100 100 100 100 100 100
ROWDATA:100 100 100 100 100 100 100 100 100 100 100 100 100 100 100 005 100 100 100 100 100 100 100 100 100 100 100 100 100 100 100 100 100 100 100 100 100 100 100 100 100 100 100 100 100 100 100 100 100 100
ROWDATA:100 100 100 100 100 100 100 100 100 100 100 100 100 100 100 100 005 100 100 100 100 100 100 100 100 100 100 100 100 100 100 100 100 100 100 100 100 100 005 100 100 100 100 100 100 100 100 100 100 100
ROWDATA:100 100 005 100 100 100 100 100 100 100 100 100 100 100 100 100 100 100 100 100 100 100 100 100 100 100 005 100 100 100 100 100 100 100 100 100 100 100 100 100 100 100 100 100 100 100 100 100 100 100
ROWDATA:100 100 005 100 100 100 100 100 100 100 100 100 100 100 100 100 100 100 100 100 100 100 100 100 100 100 100 100 100 100 100 100 005 100 100 100 100 100 100 100 100 100 100 100 100 100 100 100 100 100
ROWDATA:100 100 100 100 100 100 100 100 100 100 100 100 100 100 100 100 100 100 100 100 100 100 100 100 100 100 100 100 100 100 100 100 100 100 100 100 100 100 100 100 100 100 100 100 100 100 100 005 100 100
ROWDATA:100 100 005 100 100 100 100 100 100 100 100 100 100 005 100 100 100 100 100 100 100 100 100 100 100 100 100 100 100 100 100 100 100 100 100 100 100 100 100 100 100 100 100 100 100 100 100 100 100 100
ROWDATA:100 005 005 100 005 100 100 100 100 100 100 100 100 100 100 100 100 100 100 100 100 100 100 100 100 100 100 100 100 100 100 100 100 100 100 100 100 100 100 100 100 100 100 100 100 100 100 100 100 100
ROWDATA:100 100 100 100 005 100 100 100 100 100 100 100 100 100 100 100 100 100 100 100 100 100 100 100 100 100 100 100 100 100 100 100 100 100 100 100 100 100 100 100 100 100 100 100 100 100 100 100 100 100
ROWDATA:100 100 100 100 100 005 005 100 100 100 100 100 100 100 100 100 100 100 100 100 100 100 100 100 100 100 100 100 100 100 100 100 100 100 100 100 100 100 100 100 100 100 100 100 005 100 100 100 100 100
ROWDATA:100 100 100 100 100 100 100 100 100 100 100 100 100 100 100 100 100 100 100 100 100 100 100 100 100 100 100 100 100 100 100 100 100 100 100 100 100 100 100 100 100 100 100 100 100 100 100 100 100 100
ROWDATA:100 100 100 005 005 100 100 100 100 100 100 100 100 100 100 100 100 100 100 100 100 100 100 100 100 100 100 100 100 100 100 100 100 100 100 100 100 100 100 100 100 100 100 100 100 100 100 100 100 005
ROWDATA:100 100 100 100 100 100 100 100 100 100 100 100 100 100 100 100 100 100 100 100 100 100 100 100 100 100 100 100 100 100 005 005 100 100 100 100 100 100 100 100 100 100 100 100 100 100 100 100 100 100
