NAME:TESTCASE6
DIESIZE:40,40
DISTANCE:40
GOOD_DIE:001
ACTIVE_BAD_DIE:006
INACTIVE_BAD_DIE:003
INVALID_DIE:000
ORIENTATION:0
ROWDATA:000 000 000 000 000 000 000 000 001 001 001 001 001 001 001 001 001 001 001 001 001 001 001 001 001 001 001 001 000 000 000 000 000 000 000 000
ROWDATA:000 000 000 000 000 000 001 001 001 001 001 001 001 001 001 001 001 001 001 001 001 001 001 001 001 001 001 001 001 001 000 000 000 000 000 000
ROWDATA:000 000 000 000 000 001 001 001 001 001 001 001 001 001 001 001 001 001 001 001 001 001 001 001 001 001 001 001 001 001 001 000 000 000 000 000
ROWDATA:000 000 000 000 001 001 001 001 001 001 001 001 001 001 001 001 001 001 001 001 001 001 001 001 001 001 001 001 001 001 001 001 000 000 000 000
ROWDATA:000 000 000 001 001 001 001 001 001 001 001 001 001 001 001 001 001 001 001 001 001 001 001 001 001 001 001 001 001 001 001 001 001 000 000 000
ROWDATA:000 000 001 001 001 001 001 001 001 001 001 001 006 006 001 001 001 001 001 001 001 001 001 001 001 001 001 001 001 001 001 001 001 006 000 000
ROWDATA:000 001 001 001 001 001 001 001 001 001 001 001 001 001 001 001 001 001 001 001 001 001 001 006 001 001 001 001 001 001 001 001 001 003 003 000
ROWDATA:000 001 001 001 001 001 001 001 001 001 001 001 001 001 001 001 001 001 001 001 001 001 001 001 001 001 001 001 001 001 001 001 001 001 006 000
ROWDATA:001 001 001 001 001 001 001 001 006 001 001 001 001 006 001 001 001 001 001 001 001 001 001 001 001 001 001 001 001 001 001 001 001 001 006 006
ROWDATA:001 001 001 001 001 001 001 001 001 001 001 001 001 001 001 001 001 001 001 001 001 006 001 001 001 001 001 001 001 001 001 001 001 001 001 001
ROWDATA:001 001 001 001 001 001 001 001 001 001 001 001 001 001 001 006 001 001 001 001 001 001 001 001 006 001 001 001 001 001 001 001 001 001 001 001
ROWDATA:001 006 001 001 001 001 001 001 001 001 001 001 001 001 001 001 001 001 001 001 001 001 001 001 006 001 001 001 001 001 001 001 001 001 001 001
ROWDATA:001 001 001 001 001 001 001 001 001 001 001 003 001 001 003 001 001 001 003 001 001 001 001 001 001 001 001 001 001 001 001 001 001 001 001 001
ROWDATA:001 001 001 001 001 001 006 006 001 001 001 001 001 001 001 001 001 001 001 001 001 001 001 001 001 001 001 001 001 001 001 001 001 001 001 001
ROWDATA:001 001 001 001 001 001 001 001 001 001 001 006 001 001 001 001 001 006 001 001 001 001 001 001 001 001 001 001 001 001 006 001 001 001 001 001
ROWDATA:001 001 001 001 001 001 001 001 001 001 001 001 001 001 001 001 001 001 001 001 001 001 006 001 001 001 001 001 001 001 001 001 001 001 001 001
ROWDATA:001 001 001 001 006 001 001 001 001 001 001 001 001 001 001 001 001 001 001 001 001 001 001 001 001 001 001 001 001 001 001 006 001 001 001 001
ROWDATA:001 001 001 001 001 001 001 001 001 001 001 001 001 001 001 001 006 001 001 001 001 001 001 001 001 001 001 001 001 001 001 001 001 001 001 001
ROWDATA:001 001 001 001 001 001 001 001 001 006 001 001 006 006 001 001 001 001 001 001 001 001 006 001 001 001 006 001 001 001 001 001 001 001 001 001
ROWDATA:001 001 001 001 001 001 006 001 001 001 001 001 001 001 001 001 001 001 001 001 001 001 001 001 001 001 001 001 001 001 001 001 001 001 001 001
ROWDATA:001 001 001 001 001 001 001 001 001 001 001 001 001 006 006 001 006 001 006 001 003 001 001 001 001 001 001 001 001 001 001 001 001 001 001 001
ROWDATA:001 001 001 001 001 001 001 001 006 001 001 001 001 006 006 006 006 001 001 001 001 001 001 001 001 001 001 001 001 001 001 001 001 001 001 001
ROWDATA:001 001 001 001 001 001 001 001 006 001 001 001 001 001 001 001 006 001 001 001 001 001 001 006 006 001 001 001 006 001 001 001 001 001 001 001
ROWDATA:001 001 001 001 001 001 001 001 001 006 001 001 001 001 006 001 001 001 001 001 001 001 001 001 001 001 001 001 001 001 006 001 001 001 001 001
ROWDATA:001 001 001 001 001 006 001 001 001 001 001 001 006 001 001 001 001 001 001 001 001 001 001 001 001 001 001 001 001 001 001 001 001 001 001 001
ROWDATA:001 001 001 001 001 006 001 001 001 001 001 001 001 001 001 001 003 001 001 001 001 001 006 001 001 001 003 001 001 001 001 001 001 001 001 001
ROWDATA:001 001 001 001 001 001 001 001 001 001 001 001 001 001 001 001 001 001 001 001 001 001 001 001 001 001 001 001 001 001 001 001 001 001 001 001
ROWDATA:001 001 001 001 001 001 001 001 001 001 001 001 006 001 001 001 001 001 001 006 001 001 001 001 003 001 001 006 001 001 001 001 001 001 003 001
ROWDATA:000 001 001 001 001 001 001 001 001 001 001 001 001 001 001 001 001 001 001 001 001 001 001 001 001 001 001 001 001 001 001 001 001 001 001 000
ROWDATA:000 001 001 001 001 001 001 001 001 001 001 006 001 001 001 001 001 006 001 001 001 001 001 001 001 001 006 001 001 001 001 001 001 001 001 000
ROWDATA:000 000 001 001 001 001 001 001 001 001 001 001 001 001 001 001 001 001 001 001 001 006 001 001 001 001 001 001 001 001 001 001 001 001 000 000
ROWDATA:000 000 000 001 001 001 001 001 001 001 001 001 001 001 001 001 001 001 001 001 001 001 001 001 001 001 001 001 001 001 001 001 001 000 000 000
ROWDATA:000 000 000 000 001 001 001 001 001 001 001 001 001 001 001 001 001 001 001 001 001 001 001 001 001 001 001 001 001 001 001 001 000 000 000 000
ROWDATA:000 000 000 000 000 001 001 001 001 001 001 001 001 001 001 001 001 001 001 001 001 001 001 001 001 001 001 001 001 001 001 000 000 000 000 000
ROWDATA:000 000 000 000 000 000 001 001 001 001 001 001 001 001 001 001 001 001 001 001 001 001 001 001 001 001 001 001 001 001 000 000 000 000 000 000
ROWDATA:000 000 000 000 000 000 000 000 001 001 001 001 001 001 001 001 001 001 001 001 001 001 001 001 001 001 001 001 000 000 000 000 000 000 000 000