NAME:TESTCASE9
DIESIZE:50,100
DISTANCE:100
GOOD_DIE:001
ACTIVE_BAD_DIE:006
INACTIVE_BAD_DIE:003
INVALID_DIE:000
ORIENTATION:0
ROWDATA:000 000 000 001 001 001 001 001 001 001 001 001 001 001 001 000 000 000
ROWDATA:000 000 001 001 001 001 001 001 001 001 001 001 001 001 001 001 000 000
ROWDATA:000 000 001 001 001 001 001 001 001 001 001 001 001 001 001 001 000 000
ROWDATA:000 001 001 001 001 001 001 001 001 001 001 001 001 001 001 001 001 000
ROWDATA:000 001 001 001 001 001 001 001 001 001 001 001 001 001 001 001 001 000
ROWDATA:001 001 001 001 001 001 001 001 001 001 001 001 001 001 001 001 001 001
ROWDATA:001 001 001 001 001 001 001 001 001 001 001 001 001 001 001 001 001 001
ROWDATA:001 001 001 001 001 001 001 001 006 001 001 001 001 001 001 001 001 001
ROWDATA:001 001 001 001 001 001 001 001 001 001 001 001 001 001 001 001 001 001
ROWDATA:001 001 001 001 001 001 001 001 003 003 001 001 001 001 001 001 001 001
ROWDATA:001 001 001 001 006 001 001 001 001 001 001 001 001 001 001 001 001 001
ROWDATA:001 001 001 006 001 001 001 001 001 001 001 001 001 001 001 001 001 001
ROWDATA:001 001 001 001 001 001 001 001 001 001 001 001 001 001 001 001 001 001
ROWDATA:001 001 001 001 001 001 001 001 001 001 001 006 003 001 001 001 001 001
ROWDATA:001 001 001 001 001 001 001 001 001 001 001 001 001 001 001 001 001 001
ROWDATA:001 001 001 001 001 001 001 001 001 001 001 001 001 001 001 001 001 001
ROWDATA:001 001 001 006 006 001 001 001 001 001 001 001 001 001 001 001 001 001
ROWDATA:001 001 001 001 001 001 001 001 001 001 001 001 001 001 001 001 001 001
ROWDATA:001 001 001 001 001 001 001 001 001 001 001 001 001 001 001 001 001 001
ROWDATA:001 001 001 001 001 001 001 003 006 001 001 001 001 001 006 003 001 001
ROWDATA:001 001 001 001 001 001 001 001 001 001 001 001 001 001 001 001 001 001
ROWDATA:001 001 001 001 001 001 001 001 001 001 001 001 001 001 001 003 001 001
ROWDATA:001 001 001 001 001 001 001 003 001 001 001 001 001 001 001 001 001 001
ROWDATA:001 001 001 001 001 001 001 001 001 001 001 001 001 001 001 001 001 001
ROWDATA:001 001 001 001 001 001 001 001 001 001 001 001 001 001 001 001 001 001
ROWDATA:001 001 001 001 001 001 006 001 001 001 001 001 001 001 001 001 001 001
ROWDATA:001 001 001 001 001 001 001 001 001 001 001 001 001 001 001 001 001 001
ROWDATA:001 001 001 001 001 001 001 001 001 001 001 001 001 001 001 001 001 001
ROWDATA:001 001 001 001 001 001 001 001 001 001 001 001 001 001 001 001 001 001
ROWDATA:000 001 001 001 001 001 001 001 001 001 001 001 001 001 001 001 001 000
ROWDATA:000 001 001 001 001 001 001 001 001 001 001 001 001 001 001 001 001 000
ROWDATA:000 000 001 001 001 001 001 001 001 001 001 001 001 001 001 001 000 000
ROWDATA:000 000 001 001 001 001 001 001 001 001 001 001 001 001 001 001 000 000
ROWDATA:000 000 000 001 001 001 001 001 001 001 001 001 001 001 001 000 000 000
