NAME:TESTCASE2
DIESIZE:200,200
DISTANCE:150
GOOD_DIE:001
ACTIVE_BAD_DIE:006
INACTIVE_BAD_DIE:002
INVALID_DIE:000
ORIENTATION:0
ROWDATA:000 001 001 002 001 001 001 001 001 001 001 001 000
ROWDATA:001 001 001 001 006 001 001 001 006 001 001 001 001
ROWDATA:001 001 001 001 001 001 001 001 001 001 001 001 001
ROWDATA:001 001 001 001 001 001 001 002 001 001 001 001 001
ROWDATA:001 001 001 001 001 001 006 001 001 001 001 001 001
ROWDATA:001 001 001 001 001 001 001 002 001 001 001 001 001
ROWDATA:001 001 001 001 001 001 001 001 001 001 001 001 001
ROWDATA:001 001 001 002 001 001 001 001 001 001 001 001 001
ROWDATA:000 001 001 001 001 001 001 001 006 002 001 001 000
